1 850.00 125.00 0.04 0.01 0.01
2 891.00 187.00 0.06 0.01 0.01
3 715.00 188.00 0.03 0.01 0.00
4 886.00 164.00 0.05 0.01 0.01
5 930.00 122.00 0.03 0.01 0.01
6 947.00 147.00 0.05 0.01 0.00
7 985.00 214.00 0.06 0.01 0.00
8 964.00 120.00 0.03 0.01 0.01
9 883.00 162.00 0.06 0.01 0.01
10 955.00 169.00 0.06 0.01 0.00
11 975.00 196.00 0.04 0.01 0.00
12 789.00 218.00 0.04 0.01 0.00
13 878.00 121.00 0.03 0.01 0.01
14 858.00 135.00 0.03 0.01 0.00
15 724.00 175.00 0.03 0.01 0.01
16 937.00 128.00 0.04 0.01 0.00
17 998.00 143.00 0.04 0.01 0.00
18 931.00 126.00 0.03 0.01 0.00
19 921.00 121.00 0.05 0.01 0.01
20 951.00 219.00 0.05 0.01 0.00
21 754.00 215.00 0.05 0.01 0.01
22 763.00 199.00 0.03 0.01 0.00
23 926.00 173.00 0.03 0.01 0.01
24 940.00 201.00 0.03 0.01 0.01
25 829.00 200.00 0.05 0.01 0.00
26 971.00 130.00 0.05 0.01 0.00
27 741.00 213.00 0.03 0.01 0.00
28 862.00 214.00 0.04 0.01 0.00
29 810.00 192.00 0.04 0.01 0.00
30 890.00 130.00 0.06 0.01 0.00
31 898.00 134.00 0.05 0.01 0.00
32 906.00 211.00 0.05 0.01 0.00
33 813.00 183.00 0.04 0.01 0.01
34 844.00 181.00 0.06 0.01 0.01
35 717.00 206.00 0.03 0.01 0.01
36 910.00 123.00 0.03 0.01 0.00
37 739.00 217.00 0.05 0.01 0.01
38 810.00 205.00 0.05 0.01 0.00
39 945.00 182.00 0.04 0.01 0.00
40 837.00 135.00 0.06 0.01 0.00
41 973.00 164.00 0.04 0.01 0.00
42 841.00 173.00 0.04 0.01 0.01
43 764.00 163.00 0.05 0.01 0.01
44 879.00 213.00 0.03 0.01 0.01
45 760.00 220.00 0.04 0.01 0.00
46 797.00 203.00 0.04 0.01 0.00
47 783.00 194.00 0.03 0.01 0.00
48 711.00 194.00 0.05 0.01 0.00
49 938.00 134.00 0.04 0.01 0.01
50 773.00 124.00 0.05 0.01 0.01
